   n          Emf           Eo            X         SX-X           CH          Sig          Vxc         Eqp0         Eqp1
   1    -5.734270    -5.734270   -19.361983    12.169171   -14.333287   -14.819216   -10.465481   -10.088004   -10.088004
   2    -5.734270    -5.734270   -19.361983    12.169171   -14.333253   -14.819216   -10.465481   -10.088004   -10.088004
   3    -4.653051    -4.653051   -18.247144    11.385522   -14.349117   -14.525094   -10.557183    -8.620962    -8.620962
   4    -4.653051    -4.653051   -18.247144    11.385522   -14.349423   -14.525094   -10.557183    -8.620962    -8.620962
   5    -4.653041    -4.653041   -18.246534    11.368595   -14.323568   -14.525830   -10.557184    -8.621687    -8.621687
   6    -4.653041    -4.653041   -18.246534    11.368595   -14.323192   -14.525830   -10.557184    -8.621687    -8.621687
   7    -1.590921    -1.590921   -15.676349     9.360746   -14.082545   -14.158043   -10.846540    -4.902424    -4.902424
   8    -1.590921    -1.590921   -15.676349     9.360746   -14.083662   -14.158043   -10.846540    -4.902424    -4.902424
   9    -1.590919    -1.590919   -16.179574     9.710724   -13.882341   -14.158043   -10.846606    -4.902356    -4.902356
  10    -1.590919    -1.590919   -16.179574     9.710723   -13.893588   -14.158043   -10.846606    -4.902356    -4.902356
  11    -1.590919    -1.590919   -16.179539     9.710678   -13.874340   -14.158043   -10.846606    -4.902356    -4.902356
  12    -1.590919    -1.590919   -16.179539     9.710680   -13.901289   -14.158043   -10.846606    -4.902356    -4.902356
  13    -1.590872    -1.590872   -16.179333     9.717404   -13.887967   -14.158169   -10.846562    -4.902479    -4.902479
  14    -1.590872    -1.590872   -16.179333     9.717404   -13.942289   -14.158169   -10.846562    -4.902479    -4.902479
  15    -1.590868    -1.590868   -15.677118     9.361368   -14.083495   -14.158169   -10.846495    -4.902541    -4.902541
  16    -1.590868    -1.590868   -15.677118     9.361368   -14.082393   -14.158169   -10.846495    -4.902541    -4.902541
  17    -1.590859    -1.590859   -16.179322     9.703382   -13.855774   -14.158169   -10.846561    -4.902466    -4.902466
  18    -1.590859    -1.590859   -16.179322     9.703382   -13.865869   -14.158169   -10.846561    -4.902466    -4.902466
  19    -1.430234    -1.430234   -16.162765     9.652618   -13.906122   -14.287243   -10.969319    -4.748158    -4.748158
  20    -1.430234    -1.430234   -16.162765     9.652619   -13.899055   -14.287243   -10.969319    -4.748158    -4.748158
  21    -1.430178    -1.430178   -16.162925     9.652597   -13.919017   -14.287528   -10.969275    -4.748431    -4.748431
  22    -1.430178    -1.430178   -16.162925     9.652598   -13.886456   -14.287528   -10.969275    -4.748431    -4.748431
  23    -1.424488    -1.424488   -16.158254     9.649649   -13.894044   -14.285677   -10.969125    -4.741040    -4.741040
  24    -1.424488    -1.424488   -16.158254     9.649650   -13.910103   -14.285677   -10.969125    -4.741040    -4.741040
  25    -1.424433    -1.424433   -16.158449     9.649604   -13.880670   -14.285980   -10.969082    -4.741331    -4.741331
  26    -1.424433    -1.424433   -16.158449     9.649605   -13.923468   -14.285980   -10.969082    -4.741331    -4.741331
  27     2.372188     2.372188   -11.852562     6.472611   -12.922698   -12.854350    -9.970800    -0.511362    -0.511362
  28     2.372188     2.372188   -11.852562     6.472610   -12.936087   -12.854350    -9.970800    -0.511362    -0.511362
  29     2.372197     2.372197   -11.852740     6.472700   -12.948562   -12.854350    -9.970789    -0.511363    -0.511363
  30     2.372197     2.372197   -11.852740     6.472701   -12.910288   -12.854350    -9.970789    -0.511363    -0.511363
  31     2.385262     2.385262   -11.834244     6.458985   -12.926689   -12.848758    -9.967822    -0.495674    -0.495674
  32     2.385262     2.385262   -11.834244     6.458985   -12.926204   -12.848758    -9.967822    -0.495674    -0.495674
  33     2.385271     2.385271   -11.834422     6.459068   -12.913052   -12.848758    -9.967812    -0.495674    -0.495674
  34     2.385271     2.385271   -11.834422     6.459069   -12.939903   -12.848758    -9.967812    -0.495674    -0.495674
  35     2.710385     2.710385   -13.076349     7.091935   -13.250013   -13.815040   -11.182139     0.077484     0.077484
  36     2.710385     2.710385   -13.076349     7.091935   -13.252889   -13.815040   -11.182139     0.077484     0.077484
  37     2.710388     2.710388   -13.076021     7.092138   -13.245235   -13.815040   -11.182138     0.077486     0.077486
  38     2.710388     2.710388   -13.076021     7.092138   -13.247624   -13.815040   -11.182138     0.077486     0.077486
  39     3.380152     3.380152   -12.362464     6.647969   -12.894671   -13.367157   -10.577678     0.590673     0.590673
  40     3.380152     3.380152   -12.362464     6.647969   -12.904444   -13.367157   -10.577678     0.590673     0.590673
  41     3.380155     3.380155   -12.362734     6.647533   -12.898392   -13.367157   -10.577678     0.590676     0.590676
  42     3.380155     3.380155   -12.362734     6.647531   -12.888472   -13.367157   -10.577678     0.590676     0.590676
  43     3.380155     3.380155   -12.362810     6.647564   -12.895335   -13.367157   -10.577678     0.590676     0.590676
  44     3.380155     3.380155   -12.362810     6.647565   -12.891687   -13.367157   -10.577678     0.590676     0.590676
  45     3.380159     3.380159   -12.362703     6.646816   -12.891103   -13.367157   -10.577677     0.590679     0.590679
  46     3.380159     3.380159   -12.362703     6.646816   -12.882262   -13.367157   -10.577677     0.590679     0.590679
  47     3.380174     3.380174   -13.539559     7.705178   -12.546224   -13.482555   -10.578130     0.475748     0.475748
  48     3.380174     3.380174   -13.539559     7.705178   -12.572180   -13.482555   -10.578130     0.475748     0.475748
  49     3.380174     3.380174   -13.539558     7.705186   -12.558387   -13.482555   -10.578130     0.475748     0.475748
  50     3.380174     3.380174   -13.539558     7.705186   -12.560020   -13.482555   -10.578130     0.475748     0.475748
  51     4.338981     4.338981   -12.811098     6.991582   -12.443959   -13.501555   -10.711312     1.548739     1.548739
  52     4.338981     4.338981   -12.811098     6.991587   -12.420156   -13.501555   -10.711312     1.548739     1.548739
  53     4.338984     4.338984   -12.810913     6.990510   -12.418802   -13.501555   -10.711311     1.548741     1.548741
  54     4.338984     4.338984   -12.810913     6.990509   -12.424820   -13.501555   -10.711311     1.548741     1.548741
  55     4.347665     4.347665   -12.797041     6.982854   -12.422826   -13.495346   -10.707239     1.559558     1.559558
  56     4.347665     4.347665   -12.797041     6.982857   -12.439105   -13.495346   -10.707239     1.559558     1.559558
  57     4.347669     4.347669   -12.797173     6.982003   -12.419009   -13.495346   -10.707237     1.559560     1.559560
  58     4.347669     4.347669   -12.797173     6.982003   -12.423331   -13.495346   -10.707237     1.559560     1.559560
  59     6.209577     6.209577   -12.425886     6.231981   -12.136652   -14.005413   -11.302663     3.506827     3.506827
  60     6.209577     6.209577   -12.425886     6.231985   -12.130982   -14.005413   -11.302663     3.506827     3.506827
  61     6.258424     6.258424   -12.299440     6.168621   -12.202257   -13.943020   -11.300000     3.615405     3.615405
  62     6.258424     6.258424   -12.299440     6.168621   -12.202965   -13.943020   -11.300000     3.615405     3.615405
  63     6.258466     6.258466   -12.505551     6.257755   -12.054140   -14.057068   -11.300518     3.501916     3.501916
  64     6.258466     6.258466   -12.505551     6.257748   -12.044305   -14.057068   -11.300518     3.501916     3.501916
  65     6.941702     6.941702    -5.065957     3.090323   -11.029450    -9.176204    -8.981544     6.747041     6.747041
  66     6.941702     6.941702    -5.065957     3.090323   -11.029606    -9.176204    -8.981544     6.747041     6.747041
  67     6.941725     6.941725    -5.596664     3.529512   -11.302399    -9.262916    -8.982180     6.660989     6.660989
  68     6.941725     6.941725    -5.596664     3.529512   -11.317368    -9.262916    -8.982180     6.660989     6.660989
  69     6.941725     6.941725    -5.596675     3.529513   -11.289861    -9.262916    -8.982180     6.660989     6.660989
  70     6.941725     6.941725    -5.596675     3.529511   -11.329841    -9.262916    -8.982180     6.660989     6.660989
  71     6.941761     6.941761    -5.066016     3.090364   -11.029833    -9.176321    -8.981465     6.746904     6.746904
  72     6.941761     6.941761    -5.066016     3.090364   -11.029628    -9.176321    -8.981465     6.746904     6.746904
  73     6.941781     6.941781    -5.596572     3.535216   -11.370699    -9.262996    -8.982102     6.660886     6.660886
  74     6.941781     6.941781    -5.596572     3.535216   -11.324770    -9.262996    -8.982102     6.660886     6.660886
  75     6.941786     6.941786    -5.596574     3.523704   -11.272216    -9.262996    -8.982102     6.660892     6.660892
  76     6.941786     6.941786    -5.596574     3.523704   -11.272584    -9.262996    -8.982102     6.660892     6.660892
  77     7.360109     7.360109    -5.372060     3.279495   -11.122331    -9.429747    -9.368055     7.298417     7.298417
  78     7.360109     7.360109    -5.372060     3.279495   -11.122352    -9.429747    -9.368055     7.298417     7.298417
  79     7.360115     7.360115    -5.372233     3.278351   -11.118031    -9.429747    -9.368054     7.298421     7.298421
  80     7.360115     7.360115    -5.372233     3.278351   -11.118477    -9.429747    -9.368054     7.298421     7.298421
  81     8.771271     8.771271    -6.284567     3.919419   -11.479160    -9.947866   -10.028434     8.851839     8.851839
  82     8.771271     8.771271    -6.284567     3.919419   -11.482370    -9.947866   -10.028434     8.851839     8.851839
  83     8.806610     8.806610    -5.891379     3.599909   -11.315695    -9.875160   -10.023085     8.954535     8.954535
  84     8.806610     8.806610    -5.891379     3.599909   -11.315840    -9.875160   -10.023085     8.954535     8.954535
  85     8.806630     8.806630    -6.617439     4.191992   -11.633997   -10.004225   -10.023704     8.826108     8.826108
  86     8.806630     8.806630    -6.617439     4.191989   -11.622865   -10.004225   -10.023704     8.826108     8.826108
  87     9.368973     9.368973    -4.221189     2.306101   -10.599161    -9.180381    -9.153915     9.342507     9.342507
  88     9.368973     9.368973    -4.221189     2.306101   -10.598982    -9.180381    -9.153915     9.342507     9.342507
  89     9.368976     9.368976    -4.221154     2.305272   -10.597657    -9.180381    -9.153913     9.342508     9.342508
  90     9.368976     9.368976    -4.221154     2.305272   -10.596754    -9.180381    -9.153913     9.342508     9.342508
  91     9.555597     9.555597    -6.028641     3.226791   -11.804287   -10.657847   -10.932073     9.829823     9.829823
  92     9.555597     9.555597    -6.028641     3.226791   -11.802532   -10.657847   -10.932073     9.829823     9.829823
  93    10.517674    10.517674    -5.432031     2.972900   -10.373224    -9.783693    -9.561728    10.295709    10.295709
  94    10.517674    10.517674    -5.432031     2.972902   -10.400135    -9.783693    -9.561728    10.295709    10.295709
  95    10.517684    10.517684    -5.431980     2.972949   -10.401238    -9.783693    -9.561690    10.295680    10.295680
  96    10.517684    10.517684    -5.431980     2.972948   -10.373528    -9.783693    -9.561690    10.295680    10.295680
  97    10.517810    10.517810    -5.428875     2.970310   -10.386142    -9.782949    -9.561270    10.296131    10.296131
  98    10.517810    10.517810    -5.428875     2.970310   -10.386665    -9.782949    -9.561270    10.296131    10.296131
  99    10.517820    10.517820    -5.428843     2.970192   -10.391226    -9.782949    -9.561232    10.296103    10.296103
 100    10.517820    10.517820    -5.428843     2.970190   -10.381002    -9.782949    -9.561232    10.296103    10.296103
 101    11.226063    11.226063    -5.170556     2.893062   -10.848755    -9.847239   -10.045247    11.424072    11.424072
 102    11.226063    11.226063    -5.170556     2.893061   -10.850511    -9.847239   -10.045247    11.424072    11.424072
 103    11.226161    11.226161    -5.170559     2.893065   -10.852386    -9.847319   -10.045136    11.423978    11.423978
 104    11.226161    11.226161    -5.170559     2.893066   -10.846979    -9.847319   -10.045136    11.423978    11.423978
 105    11.242741    11.242741    -5.157650     2.884500   -10.847823    -9.841008   -10.039655    11.441388    11.441388
 106    11.242741    11.242741    -5.157650     2.884499   -10.840016    -9.841008   -10.039655    11.441388    11.441388
 107    11.242839    11.242839    -5.157618     2.884480   -10.845299    -9.840989   -10.039543    11.441393    11.441393
 108    11.242839    11.242839    -5.157618     2.884480   -10.842493    -9.840989   -10.039543    11.441393    11.441393
 109    12.003046    12.003046    -6.089915     3.311205   -10.679949   -10.475195   -10.579772    12.107623    12.107623
 110    12.003046    12.003046    -6.089915     3.311205   -10.679997   -10.475195   -10.579772    12.107623    12.107623
 111    12.003047    12.003047    -6.089893     3.308274   -10.677459   -10.475195   -10.579770    12.107622    12.107622
 112    12.003047    12.003047    -6.089893     3.308277   -10.674615   -10.475195   -10.579770    12.107622    12.107622
 113    12.005571    12.005571    -6.104103     3.318682   -10.681522   -10.483858   -10.587567    12.109279    12.109279
 114    12.005571    12.005571    -6.104103     3.318680   -10.683402   -10.483858   -10.587567    12.109279    12.109279
 115    12.005572    12.005572    -6.104021     3.315773   -10.677227   -10.483858   -10.587565    12.109278    12.109278
 116    12.005572    12.005572    -6.104021     3.315776   -10.679701   -10.483858   -10.587565    12.109278    12.109278
 117    13.990612    13.990612    -4.133661     2.150275    -9.949189    -9.534586   -10.052240    14.508266    14.508266
 118    13.990612    13.990612    -4.133661     2.150275    -9.948205    -9.534586   -10.052240    14.508266    14.508266
 119    13.990632    13.990632    -4.727214     2.388109    -9.530709    -9.886136   -10.053414    14.157910    14.157910
 120    13.990632    13.990632    -4.727214     2.388109    -9.494586    -9.886136   -10.053414    14.157910    14.157910
 121    14.170068    14.170068    -2.209244     0.759216    -8.485957    -8.133034    -7.734312    13.771345    13.771345
 122    14.170068    14.170068    -2.209244     0.759216    -8.485426    -8.133034    -7.734312    13.771345    13.771345
 123    14.282658    14.282658    -5.381199     2.623706   -10.379320   -10.472420   -10.708510    14.518748    14.518748
 124    14.282658    14.282658    -5.381199     2.623706   -10.381435   -10.472420   -10.708510    14.518748    14.518748
 125    14.282660    14.282660    -5.381060     2.623555   -10.374001   -10.472420   -10.708511    14.518751    14.518751
 126    14.282660    14.282660    -5.381060     2.623555   -10.373562   -10.472420   -10.708511    14.518751    14.518751
 127    15.213872    15.213872    -4.347796     2.093446   -10.025715    -9.822462   -10.075237    15.466646    15.466646
